1006394
1525428
1153296
1413307
1297695
1560531
1105303
1812718
1650901
1570973
1087346
1059051
1604160
1341995
1320491
1644251
1772826
1354737
1310162
1870318
1430557
1341319
1665143
1405231
1283475
1660489
1358474
1019747
1572519
1768196
1789244
1387485
1935030
1288453
1847237
1244011
1895823
1645132
1178279
1129369
1057572
1690373
1045894
1935737
1982486
1718169
1502324
1215611
1448704
1611647
1936952
1507924
1235217
1385444
1050392
1890310
1072135
1174095
1803319
1639374
1388276
1375748
1522612
1084777
1111975
1043067
1471981
1872688
1729978
1221016
1811421
1990566
1010573
1498461
1757640
1043571
1091138
1176541
1839981
1457492
1716008
1587693
1146255
1099445
1874781
1372178
1137443
1488512
1089575
1024912
1157667
1436690
1090127
1007979
1768492
1779725
1564201
1695014
1178466
1954834
1122898
1257942
1586617
1508747
1677381
1041525
1170716
1323874
1328820
1647082
1395645
1741506
1903287
1282731
1044349
1074757
1761129
1529457
1522209
1928559
1040685
1760857
1107509
1004883
1449011
1799965
1866695
1222210
1594918
1192749
1748723
1560390
1556122
1644087
1784053
1786846
1148436
1837902
1280682
1643447
1890470
1229166
1602113
1111174
1185328
1180891
1366008
1571537
1154329
1412551
1737134
1480243
1804226
1034249
1826234
1532191
1084389
1797794
1125622
1007579
1312845
1461664
1835065
1067417
1933109
1537337
1906402
1728905
1746157
1689244
1928730
1722018
1590253
1917153
1515695
1693143
1403149
1268583
1931776
1561206
1101989
1624673
1665711
1501979
1947512
1966156
1726756
1633290
1501491
1213525
1186010
1066174
1421166
1452781
1603793
1393426
1538607
1297829
1689561
1641902
1506267
1687462
1508550
1919489
1233366
1537930
1912091
1049570
1065041
1596563
1052435
1221952
1199386
1279107
1927033
1211744
1641450
1654489
1596519
1024269
1670706
1840519
1537645
1451156
1865484
1209131
1938768
1714043
1630827
1739001
1937832
1859349
1374047
1635744
1474247
1633291
1988419
1808556
1541818
1383219
1927335
1274743
1772550
1843542
1169452
1256170
1629064
1247685
1976490
1791719
1092529
1957190
1176914
1788254
1135882
1696026
1060661
1115135
1737156
1833213
1027739
1559882
1608833
1928481
1906405
1054728
1232047
1196074
1011177
1271719
1199643
1784401
1574062
1739259
1863187
1761879
1276498
1620067
1963930
1666715
1017618
1304919
1341859
1452406
1576910
1252566
1956472
1883962
1642225
1852183
1523408
1005748
1091801
1234711
1385681
1901508
1234258
1688230
1174668
1864928
1348761
1136750
1875924
1899441
1536122
1899754
1387550
1808969
1368477
1729720
1667518
1127646
1025589
1928894
1095918
1948429
1534605
1522026
1674569
1111052
1687933
1874529
1446545
1857562
1243758
1698010
1077703
1464332
1762177
1825532
1793372
1774951
1610467
1468665
1304331
1621438
1895182
1652185
1389305
1877601
1163141
1163931
1100344
1589151
1547016
1337850
1252403
1181140
1722982
1122563
1911685
1885724
1829514
1437138
1202155
1997329
1777025
1826256
1897024
1673258
1031991
1482350
1698171
1991145
1688738
1262118
1324290
1803508
1607890
1896335
1184078
1395361
1832096
1951489
1290710
1599206
1078748
1412042
1725136
1639289
1091330
1589066
1626754
1066697
1714066
1620359
1842897
1385209
1869016
1787339
1410688
1752322
1590834
1469249
1148601
1461685
1543776
1432896
1491471
1027815
1129860
1225931
1660695
1327792
1472001
1495106
1092497
1862014
1373478
1464941
1601482
1137910
1040492
1359100
1162860
1606258
1298108
1470554
1384671
1076566
1991827
1824625
1232450
1078081
1165060
1648578
1820402
1919516
1623491
1371637
1198500
1413212
1473489
1389461
1805692
1330744
1899366
1527039
1189007
1792876
1754671
1428746
1965122
1630253
1491046
1940121
1870287
1026983
1484995
1143777
1667109
1448108
1865238
1353994
1325311
1716086
1721967
1663766
1573075
1372602
1256752
1185695
1608634
1477067
1451156
1807011
1285830
1212614
1664117
1051688
1792989
1843522
1046901
1457727
1969732
1350627
1112130
1690989
1871193
1180329
1363633
1820790
1865186
1654364
1636209
1428197
1049393
1530233
1916526
1455897
1988723
1453208
1409426
1352663
1097640
1011766
1125074
1293440
1193231
1132781
1173094
1963393
1069577
1771516
1353424
1692902
1121944
1071966
1721665
1008425
1219575
1190663
1065685
1688258
1572506
1606028
1196151
1790043
1635569
1334137
1992516
1958140
1095318
1301008
1507164
1376131
1252976
1292470
1129806
1490958
1607300
1297105
1260282
1691776
1403749
1870908
1080817
1147744
1254233
1981301
1277754
1410390
1746913
1167571
1657846
1136161
1237578
1121267
1487576
1910953
1718426
1261545
1703496
1405761
1502880
1466872
1427298
1566433
1090164
1049496
1408200
1736212
1115880
1022625
1369110
1692108
1099566
1633592
1226455
1365373
1668812
1565085
1700855
1882240
1310586
1718624
1661645
1985591
1226124
1460148
1033105
1924768
1764686
1507885
1306974
1464048
1717241
1425950
1891317
1486605
1466899
1294123
1809896
1900406
1176340
1611651
1207448
1760854
1531121
1731088
1336151
1736052
1699309
1388197
1829086
1095181
1079943
1837400
1328900
1688346
1182456
1516207
1954278
1046352
1268318
1784643
1200554
1031575
1795897
1817690
1160460
1817697
1717098
1570255
1958122
1769595
1514659
1528068
1755197
1366345
1387412
1081986
1451331
1692768
1066284
1978991
1896224
1042385
1327504
1173458
1049172
1019564
1490457
1101005
1582830
1595212
1321649
1972296
1899458
1116958
1080837
1546329
1406768
1914273
1945295
1239383
1103539
1973758
1577512
1667944
1309314
1931892
1491623
1893051
1005480
1616561
1409560
1423848
1882021
1344938
1098219
1853620
1760077
1482857
1232121
1538308
1335976
1914027
1992344
1031870
1199988
1440277
1613039
1439803
1641955
1204107
1343584
1255516
1259931
1617045
1566609
1034559
1055837
1662571
1185910
1694556
1167871
1367849
1248967
1840153
1624739
1974420
1076733
1958426
1394554
1392734
1216713
1728618
1619088
1184320
1741248
1621453
1512515
1774433
1097148
1094649
1885641
1336896
1988873
1755172
1705148
1943220
1407103
1753264
1188101
1107137
1524426
1756523
1137632
1276050
1774461
1670425
1212552
1727428
1680423
1199121
1363538
1458082
1153968
1392102
1322683
1708750
1950477
1709517
1132996
1142249
1296268
1363249
1258877
1257852
1529305
1292388
1897139
1947556
1515794
1622163
1581918
1143566
1291326
1535043
1996341
1482226
1332356
1119472
1753708
1184658
1669356
1657766
1195371
1518504
1315945
1594071
1429514
1627939
1012724
1796624
1359000
1719907
1941107
1200198
1399135
1192949
1716262
1288018
1284249
1037818
1624099
1334213
1421416
1349385
1826205
1339657
1667171
1012233
1827592
1830911
1673000
1255784
1389138
1811092
1972235
1958147
1132510
1388320
1717273
1970150
1639396
1228254
1659668
1559646
1805558
1693865
1057251
1255386
1160835
1013475
1766788
1671944
1032218
1982169
1796314
1119354
1291021
1098544
1086338
1730159
1042023
1491802
1280732
1525200
1780001
1597490
1097745
1146839
1533512
1215962
1583912
1728206
1312497
1107734
1078487
1692523
1059789
1546813
1996599
1082925
1847709
1347128
1951779
1302776
1223042
1730722
1308320
1705760
1328400
1405922
1473637
1801740
1436607
1679592
1597029
1371363
1447805
1491189
1193053
1663204
1638396
1141513
1803071
1063535
1340058
1182272
1108260
1159053
1322394
1683688
1707058
1420799
1524135
1202067
1848058
1894200
1103884
1921967
1494685
1179185
1435042
1085143
1020925
1464401
1279102
1659747
1187461
1311665
1658187
1972337
1075310
1159173
1496283
1227596
1963146
1953664
1801894
1172284
1550890
1928716
1627234
1988255
1284792
1342687
1879195
1676425
1935809
1785493
1196966
1591481
1106885
1073557
1650884
1442550
1206014
1710288
1645656
1232326
1617698
1615699
1224163
1990652
1814214
1641314
1854717
1004380
1660395
1981081
1648639
1357157
1011610
1447341
1012471
1478695
1815741
1998597
1047716
1830452
1801947
1230173
1788986
1570350
1867404
1380482
1904294
1871032
1304908
1380542
1755301
1097617
1230789
1846744
1181501
1652725
1601425
1237791
1822321
1181367
1582066
1619141
1032787
1391203
1557655
1309712
1312691
1154039
1804554
1990514
1609495
1574644
1499739
1919180
1872908
1725882
1207719
1439263
1724484
1747473
1942558
1474613
1330858
1017224
1373541
1534625
1242441
1839999
1574423
1658589
1860988
1863753
1270974
1423972
1377203
1158823
1130249
1533480
1391863
1022497
1933752
1835347
1489803
1763052
1474247
1298932
1949325
1357451
1032654
1977709
1209365
1047930
1025265
1479218
1918980
1377205
1405885
1751686
1448939
1765246
1956157
1017941
1021275
1870801
1479717
1717323
1561445
1907052
1926559
1581546
1541741
1744274
1293954
1397233
1064723
1044483
1282474
1624005
1319131
1907642
1466239
1392292
1430514
1729663
1089526
1547749
1613131
1993510
1129477
1432559
1539991
1515627
1659664
1085733
1827124
1235785
1057003
1602779
1307256
1302439
1970154
1681268
1521436
1860519
1838866
1588766
1921227
1260815
1504465
1882009
1033576
1217575
1839508
1274331
1181108
1369418
1083044
1461133
1290676
1644910
1956977
1261852
1528696
1382951
1259826
1049024
1828558
1722106
1712175
1568060
1788522
1641156
1893157
1735026
1401604
1927795
1776906
1618424
1437022
1403013
1392055
1954779
1314674
1326054
1319687
1893409
1018259
1359397
1473790
1795450
1215191
1195667
1275059
1533335
1513202
1500032
1772817
1403572
1335040
1346715
1285555
1242430
1409706
1231876
1291149
1289048
1863717
1746577
1248724
1161118
1081357
1728625
1565972
1910297
1241474
1130534
1339450
1103939
1762379
1888236
1935775
1212412
1190213
1098092
1383100
1838018
1861719
1560460
1452557
1978023
1128477
1345151
1359685
1016211
1102697
1162079
1062095
1149765
1038392
1840265
1622129
1666669
1217875
1213573
1705786
1568394
1253384
1986703
1289208
1390968
1027357
1807009
1005214
1523179
1453665
1310418
1513821
1271306
1407039
1029528
1279097
1951150
1536746
1571614
1026785
1060814
1549179
1339015
1982348
1144705
1755048
1922626
1632197
1996875
1969750
1518774
1986229
1800128
1786285
1370032
1655865
1311796
1314034
1223771
1137129
1665815
1173462
1226951
1093529
1689563
1828615
1830634
1359613
1502611
1156820
1113436
1103224
1079717
1696652
1870881
1769394
1064373
1229700
1415743
1242543
1442018
1138372
1554472
1554442
1674378
1805494
1120009
1998337
1364311
1280373
1621500
1527510
1217727
1510384
1044917
1722811
1023260
1697089
1945905
1794856
1798091
1838792
1817192
1536673
1533685
1993912
1032392
1271489
1821062
1892361
1836977
1487550
1031630
1436079
1855432
1664224
1810643
1804697
1363988
1748183
1005663
1400386
1457325
1716570
1156018
1600843
1316030
1565503
1014984
1634706
1337445
1799422
1112805
1753713
1029982
1348451
1129851
1626195
1287221
1989602
1595684
2000000
1329577
1696781
1782358
1782066
1311132
1405192
1505857
1648571
1462328
1801296
1604745
1936613
1984692
1585722
1802689
1114991
1285481
1718330
1368310
1318421
1197036
1721837
1443915
1942564
1224223
1161846
1541120
1992730
1726115
1357919
1338148
1127940
1826122
1006862
1631395
1302570
1856348
1681125
1882620
1190944
1077436
1394375
1859255
1187441
1242831
1744983
1634517
1866439
1590666
1633864
1885822
1615280
1326087
1421685
1162757
1981444
1685082
1212456
1479589
1266292
1627697
1337500
1354467
1857861
1726656
1145592
1838252
1034596
1215687
1548489
1095055
1056278
1632887
1069749
1526983
1511409
1898395
1398191
1161853
1264658
1841632
1843688
1491915
1713577
1584719
1778738
1537990
1291695
1153576
1117486
1535178
1360574
1518298
1962135
1655935
1352487
1967079
1468354
1880212
1691445
1098740
1822462
1944071
1438455
1229592
1624899
1059213
1134723
1202895
1805804
1497238
1593135
1962736
1623417
1841167
1947257
1083691
1066082
1623099
1496623
1228082
1724060
1705528
1121971
1082796
1933566
1846745
1882155
1561455
1865793
1464424
1875273
1744804
1982668
1605033
1263996
1942520
1694548
1413858
1413878
1135972
1505166
1698200
1633972
1213079
1112269
1560401
1615184
1466279
1908011
1673282
1027621
1338614
1788556
1480733
1071541
1159529
1589815
1633334
1688972
1966271
1083694
1830982
1494523
1853863
1552241
1029852
1378196
1427406
1280471
1834994
1261716
1252968
1723610
1296646
1134854
1063056
1517126
1500006
1954299
1891718
1747216
1184410
1485430
1273007
1909267
1637177
1820800
1582914
1758453
1714147
1785926
1842488
1611451
1927928
1418749
1770114
1322826
1320398
1734294
1870052
1056018
1453558
1514010
1898768
1982823
1534704
1174351
1687751
1980565
1012841
1471540
1211887
1348963
1808112
1311150
1040228
1987784
1595093
1003148
1954500
1536530
1765377
1345461
1610720
1164982
1200498
1682909
1095041
1688564
1886966
1425380
1374578
1812320
1570468
1909471
1633238
1526364
1844456
1138333
1842891
1354540
1143940
1620308
1858537
1745818
1823770
1268473
1661368
1503363
1524626
1015935
1204143
1011192
1453387
1648146
1286240
1654862
1006826
1538056
1321419
1672781
1982105
1343149
1448523
1674723
1845965
1116341
1840616
1420913
1116041
1997010
1098159
1729399
1549257
1634799
1173516
1251933
1188987
1980162
1657873
1630152
1720103
1758321
1796807
1903465
1836026
1342776
1141737
1783354
1647869
1239948
1448401
1309171
1688894
1107818
1253070
1738766
1922422
1122287
1156809
1391973
1448933
1053375
1364831
1961629
1047980
1126525
1800690
1216027
1433543
1116115
1763499
1867687
1203074
1072410
1597041
1540524
1136856
1334117
1187222
1005255
1543824
1345164
1379063
1126765
1300786
1916496
1828965
1118245
1767997
1874014
1972621
1991465
1023201
1857170
1075652
1713640
1021582
1163628
1565923
1408308
1432666
1092983
1691888
1443525
1869155
1771362
1264576
1381577
1818827
1602205
1805727
1247698
1350533
1649570
1052581
1294872
1222800
1548904
1689159
1704687
1298405
1004168
1022170
1937776
1500860
1938935
1949924
1533285
1479417
1803143
1903591
1553135
1808302
1119477
1567388
1379157
1547556
1299849
1277891
1822090
1527573
1820503
1848283
1384610
1590247
1362956
1050701
1309603
1268901
1538710
1013170
1256163
1439141
1288066
1447820
1934544
1125193
1604952
1268054
1448347
1240285
1437611
1982189
1630195
1741551
1093756
1810792
1647670
1188135
1339911
1918373
1297426
1273549
1200427
1762899
1118410
1242524
1973944
1263400
1626087
1946616
1683977
1388699
1696428
1534617
1475437
1350591
1333411
1407909
1477557
1316206
1228921
1011106
1205244
1794269
1565995
1210361
1165804
1907627
1125482
1099193
1172158
1854797
1991712
1163427
1838295
1793272
1481990
1810929
1716080
1114463
1150938
1789484
1239243
1022767
1575738
1956970
1536199
1786479
1475801
1100960
1217372
1602649
1789569
1061117
1611175
1326310
1877608
1438958
1596652
1117132
1896915
1194780
1691663
1116064
1933694
1366752
1974166
1492194
1395309
1063331
1187958
1310490
1471800
1010986
1564716
1604094
1533081
1986031
1285000
1857629
1031168
1696578
1907755
1476685
1540444
1903162
1191284
1037745
1611663
1869037
1990043
1710792
1393687
1938740
1875908
1625449
1224131
1332254
1206062
1512711
1500300
1524497
1348056
1899376
1740893
1939083
1399858
1380317
1466313
1892762
1786064
1204321
1799416
1071237
1167919
1312253
1149378
1599840
1784363
1700951
1152450
1264736
1611192
1328398
1849656
1827876
1871115
1749409
1569068
1439240
1958443
1319066
1410727
1177352
1110896
1791848
1933619
1030708
1941043
1197769
1515783
1670737
1743960
1060783
1325020
1252385
1861193
1150157
1096910
1190893
1603090
1467892
1570786
1695831
1100816
1541069
1050537
1880676
1973883
1942889
1976575
1706867
1651645
1642856
1588801
1642046
1131496
1322425
1360854
1942098
1781287
1051805
1797190
1910360
1016213
1898712
1252493
1685668
1447835
1574142
1918961
1904978
1188949
1015706
1357072
1594916
1816290
1311041
1448182
1493601
1914873
1204851
1108815
1392912
1154356
1404383
1612870
1682390
1466157
1331627
1906346
1653418
1345735
1848735
1511499
1616314
1068037
1311071
1915322
1534038
1773741
1977873
1294808
1576920
1121944
1840641
1203551
1234132
1302352
1244305
1139995
1434620
1035757
1189016
1201129
1299239
1923058
1219411
1100625
1025754
1315888
1286716
1742305
1505124
1650782
1286372
1771825
1951476
1554599
1344166
1099680
1049886
1650804
1081789
1939704
1937399
1699842
1911140
1502997
1958783
1547127
1958329
1577966
1957428
1056435
1057012
1089961
1347305
1981345
1108071
1354005
1527510
1304384
1708615
1481889
1161283
1977497
1549281
1974958
1207459
1479295
1508376
1195987
1391152
1665608
1469131
1670749
1018432
1896364
1304172
1661349
1642733
1668672
1347063
1908059
1309037
1776601
1077180
1143920
1392015
1219046
1190784
1771321
1101732
1031932
1509419
